FileName	Usefulness	ORGANIZATION	COMMERCIALITEM	DATE	EVENT	LOCATION	OTHER	PERSON	QUANTITY	TITLE	PERSONTYPE	PRODUCT	SKILL	ADDRESS	PHONENUMBER	EMAILADDRESS	URL	IPADDRESS	UNKNOWN	WORKOFART	CONSUMERGOOD	NUMBER	PRICE	COMPANY	DURATION	FACILITY	GEOGRAPHICFEATURE	HASHTAG	JOBTITLE	MEASURE	MONEY	ORDINAL	PERCENT	TIME	TWITTERHANDLE
alexa.de#A	Useful	1	0	0	0	0	0	0	0	3	0	0	0	0	0	0	0	0	0	0	0	0	0	0	0	0	0	0	0	0	0	0	0	0	0	
""	Useless	4	2	1	0	2	3	1	33	5	0	0	0	0	0	0	0	0	0	0	0	0	0	0	0	0	0	0	0	0	0	0	0	0	0	
alexa.de#C	Useful	2	0	0	0	0	5	1	0	0	0	0	0	0	0	0	0	0	0	1	2	0	0	0	0	0	0	0	0	0	0	0	0	0	0	
""	Useless	10	0	1	1	2	35	18	0	0	0	0	0	0	0	0	0	0	0	2	8	22	2	0	0	0	0	0	0	0	0	0	0	0	0	
alexa.de#G	Useful	2	0	0	0	0	14	2	0	0	0	0	0	0	0	0	0	0	0	1	4	3	0	0	0	0	0	0	0	0	0	0	0	0	0	
""	Useless	13	0	1	9	8	229	27	0	0	0	0	0	0	0	0	0	0	0	4	16	27	2	0	0	0	0	0	0	0	0	0	0	0	0	
alexa.de#I	Useful	2	0	0	0	0	0	2	0	0	0	0	0	0	0	0	0	0	0	0	0	0	0	0	0	0	0	0	0	0	0	0	0	0	0	
""	Useless	13	0	0	0	1	0	9	0	0	0	0	0	0	0	0	0	0	0	0	0	21	0	0	0	0	0	0	1	1	2	6	0	1	0	
alexa.de#M	Useful	2	0	0	0	0	0	1	0	0	0	1	8	0	0	0	0	0	0	0	0	0	0	0	0	0	0	0	0	0	0	0	0	0	0	
""	Useless	7	0	2	0	4	0	1	25	0	14	16	37	0	0	0	0	0	0	0	0	0	0	0	0	0	0	0	0	0	0	0	0	0	0	
alexa.de#T	Useful	2	0	0	0	0	0	2	0	0	0	0	0	0	0	0	0	0	0	0	0	0	0	0	0	0	0	0	0	0	0	0	0	0	0	
""	Useless	6	0	1	0	2	0	2	5	0	0	0	0	0	0	0	0	0	0	0	0	21	0	0	0	0	0	0	0	0	0	0	0	0	0	
amazon.de#A	Useful	7	0	0	0	0	2	0	6	5	0	0	0	0	0	0	0	0	0	0	0	0	0	0	0	0	0	0	0	0	0	0	0	0	0	
""	Useless	18	1	1	0	7	9	0	31	16	0	0	0	0	0	0	0	0	0	0	0	0	0	0	0	0	0	0	0	0	0	0	0	0	0	
amazon.de#C	Useful	10	0	0	1	1	61	8	0	0	0	0	0	0	0	0	0	0	0	4	11	0	0	0	0	0	0	0	0	0	0	0	0	0	0	
""	Useless	28	0	1	3	9	86	19	0	0	0	0	0	2	0	0	0	0	0	0	8	21	0	0	0	0	0	0	0	0	0	0	0	0	0	
amazon.de#G	Useful	13	0	0	4	3	192	10	0	0	0	0	0	0	0	0	0	0	0	4	19	6	0	0	0	0	0	0	0	0	0	0	0	0	0	
""	Useless	34	0	1	7	10	281	24	0	0	0	0	0	2	0	0	0	0	0	3	16	26	1	0	0	0	0	0	0	0	0	0	0	0	0	
amazon.de#I	Useful	8	0	0	0	1	0	5	0	0	0	0	0	0	0	1	0	0	0	0	0	0	0	0	0	0	0	0	1	0	0	2	0	0	0	
""	Useless	30	0	1	0	6	0	21	0	0	0	0	0	0	0	1	2	0	0	0	0	21	0	0	0	4	1	0	5	0	0	5	0	0	0	
amazon.de#M	Useful	10	0	0	2	4	0	2	1	0	10	9	76	2	0	1	0	0	0	0	0	0	0	0	0	0	0	0	0	0	0	0	0	0	0	
""	Useless	15	0	2	4	9	0	0	22	0	27	13	87	2	0	1	1	0	0	0	0	0	0	0	0	0	0	0	0	0	0	0	0	0	0	
amazon.de#T	Useful	8	0	0	1	1	2	2	0	0	0	0	0	0	0	1	0	0	0	0	0	0	0	0	0	0	0	0	0	0	0	0	0	0	0	
""	Useless	17	0	1	1	6	2	0	5	0	0	0	0	0	0	1	0	0	0	0	0	21	0	0	0	0	0	0	0	0	0	0	0	0	0	
ardmediathek.de#A	Useful	27	0	0	0	2	6	4	8	15	0	0	0	0	0	0	0	0	0	0	0	0	0	0	0	0	0	0	0	0	0	0	0	0	0	
""	Useless	17	0	1	0	4	59	1	26	16	0	0	0	0	0	0	0	0	0	0	0	0	0	0	0	0	0	0	0	0	0	0	0	0	0	
ardmediathek.de#C	Useful	19	0	0	3	4	23	6	0	0	0	0	0	0	0	1	1	0	0	0	6	1	0	0	1	1	0	0	0	0	0	0	0	0	0	
""	Useless	29	0	2	4	2	65	12	0	0	0	0	0	1	0	0	27	0	0	1	6	7	0	0	1	0	0	0	0	0	0	0	0	0	0	
ardmediathek.de#G	Useful	24	0	0	8	5	79	7	0	0	0	0	0	0	0	0	0	0	0	1	10	12	0	0	0	0	0	0	0	0	0	0	0	0	0	
""	Useless	36	0	1	11	4	216	21	0	0	0	0	0	1	0	0	0	0	0	8	11	11	0	0	0	0	0	0	0	0	0	0	0	0	0	
ardmediathek.de#I	Useful	16	0	0	0	2	0	3	0	0	0	0	0	0	0	1	1	0	0	0	0	1	0	0	4	1	0	0	1	0	0	0	0	0	0	
""	Useless	47	0	2	0	3	0	2	0	0	0	0	0	0	0	0	34	0	0	0	0	2	0	0	3	0	0	0	7	2	0	2	0	0	0	
ardmediathek.de#M	Useful	26	0	0	1	3	0	3	0	0	6	6	25	1	0	1	1	0	0	0	0	0	0	0	0	0	0	0	0	0	0	0	0	0	0	
""	Useless	19	0	2	1	5	0	0	9	0	20	4	57	0	1	0	44	0	0	0	0	0	0	0	0	0	0	0	0	0	0	0	0	0	0	
ardmediathek.de#T	Useful	25	0	0	1	3	1	2	0	0	0	0	0	0	0	1	1	0	0	0	0	1	0	0	0	0	0	0	0	0	0	0	0	0	0	
""	Useless	23	0	1	1	2	12	0	0	0	0	0	0	0	0	0	27	0	0	0	0	2	0	0	0	0	0	0	0	0	0	0	0	0	0	
bahn.de#A	Useful	16	0	0	0	12	2	0	0	5	0	0	0	0	0	0	0	0	0	0	0	0	0	0	0	0	0	0	0	0	0	0	0	0	0	
""	Useless	39	1	1	0	16	34	3	13	31	0	0	0	0	0	0	0	0	0	0	0	0	0	0	0	0	0	0	0	0	0	0	0	0	0	
bahn.de#C	Useful	15	0	0	0	7	23	1	0	1	0	0	0	4	0	1	0	0	0	0	5	12	0	0	0	0	0	0	0	0	0	0	0	0	0	
""	Useless	50	0	1	5	14	128	23	0	0	0	0	0	7	0	2	3	0	0	3	15	29	0	0	5	0	0	0	0	1	0	0	0	0	0	
bahn.de#G	Useful	10	0	0	2	9	79	2	0	0	0	0	0	6	0	0	0	0	0	2	12	17	0	0	0	0	0	0	0	0	0	0	0	0	0	
""	Useless	60	0	1	11	16	365	26	0	0	0	0	0	12	0	0	0	0	0	9	24	35	0	0	0	0	0	0	0	0	0	0	0	0	0	
bahn.de#I	Useful	13	0	1	0	9	0	4	0	0	0	0	0	0	0	2	0	0	0	0	0	10	0	0	0	2	0	0	1	1	0	0	0	0	0	
""	Useless	43	0	6	0	9	0	15	0	0	0	0	0	0	0	2	3	0	0	0	0	17	0	0	5	6	1	0	11	1	0	3	0	1	0	
bahn.de#M	Useful	19	0	1	1	4	0	0	13	0	2	5	16	9	0	2	1	0	0	0	0	0	0	0	0	0	0	0	0	0	0	0	0	0	0	
""	Useless	45	0	2	13	10	0	1	29	0	36	20	121	14	3	2	10	0	0	0	0	0	0	0	0	0	0	0	0	0	0	0	0	0	0	
bahn.de#T	Useful	17	0	0	0	6	1	0	0	0	0	0	0	2	0	2	0	0	0	0	0	10	0	0	0	0	0	0	0	0	0	0	0	0	0	
""	Useless	37	0	1	2	10	5	3	0	0	0	0	0	2	0	2	1	0	0	0	0	17	0	0	0	0	0	0	0	0	0	0	0	0	0	
beiersdorf.de#A	Useful	25	0	0	0	14	20	0	11	12	0	0	0	0	0	0	0	0	0	0	0	0	0	0	0	0	0	0	0	0	0	0	0	0	0	
""	Useless	26	0	1	0	21	64	0	51	24	0	0	0	0	0	0	0	0	0	0	0	0	0	0	0	0	0	0	0	0	0	0	0	0	0	
beiersdorf.de#C	Useful	23	0	0	1	11	61	12	0	0	0	0	0	4	1	0	9	0	0	2	7	15	0	0	3	0	0	0	0	0	0	0	0	0	0	
""	Useless	31	0	0	10	7	127	26	0	0	0	0	0	7	0	0	11	1	0	3	14	49	0	0	7	0	0	0	0	0	0	0	0	0	0	
beiersdorf.de#G	Useful	18	0	0	3	11	152	12	0	0	0	0	0	6	1	0	0	0	0	7	19	22	0	0	0	0	0	0	0	0	0	0	0	0	0	
""	Useless	41	0	0	27	11	460	38	0	0	0	0	0	8	1	0	0	0	0	7	36	52	0	0	0	0	0	0	0	0	0	0	0	0	0	
beiersdorf.de#I	Useful	33	0	5	0	12	0	4	0	0	0	0	0	0	0	0	13	0	0	0	0	10	0	0	3	4	0	2	0	3	0	1	0	0	0	
""	Useless	47	0	2	0	3	0	11	0	0	0	0	0	0	0	0	18	1	0	0	0	33	0	0	10	5	0	0	10	8	0	3	0	0	0	
beiersdorf.de#M	Useful	27	0	2	1	12	0	0	14	0	12	4	74	22	1	0	21	0	0	0	0	0	0	0	0	0	0	0	0	0	0	0	0	0	0	
""	Useless	19	0	2	14	10	0	2	50	0	40	11	141	11	0	0	18	2	0	0	0	0	0	0	0	0	0	0	0	0	0	0	0	0	0	
beiersdorf.de#T	Useful	25	0	1	0	11	4	2	0	0	0	0	0	1	0	0	11	0	0	0	0	10	0	0	0	0	0	0	0	0	0	0	0	0	0	
""	Useless	18	0	0	8	7	4	1	10	0	0	0	0	2	0	0	11	1	0	0	0	33	0	0	0	0	0	0	0	0	0	0	0	0	0	
bmjv.de#A	Useful	10	0	5	1	4	7	3	6	15	0	0	0	0	0	0	0	0	0	0	0	0	0	0	0	0	0	0	0	0	0	0	0	0	0	
""	Useless	12	0	0	0	4	11	0	8	16	0	0	0	0	0	0	0	0	0	0	0	0	0	0	0	0	0	0	0	0	0	0	0	0	0	
bmjv.de#C	Useful	5	0	0	3	5	35	11	0	0	0	0	0	2	0	2	0	0	0	3	1	5	0	0	1	0	0	0	0	0	0	0	0	0	0	
""	Useless	12	0	0	6	4	20	5	0	1	0	0	0	2	0	1	0	0	0	5	2	25	0	0	1	0	0	0	0	0	0	0	0	0	0	
bmjv.de#G	Useful	6	0	0	8	7	136	17	0	0	0	0	0	3	0	0	0	0	0	6	4	12	0	0	0	0	0	0	0	0	0	0	0	0	0	
""	Useless	15	0	0	9	7	119	5	0	0	0	0	0	5	0	0	0	0	0	12	6	29	0	0	0	0	0	0	0	0	0	0	0	0	0	
bmjv.de#I	Useful	11	0	0	0	2	0	3	0	0	0	0	0	0	0	2	0	0	0	0	0	5	0	0	3	2	0	0	2	0	0	0	0	0	0	
""	Useless	14	0	1	0	1	0	0	0	0	0	0	0	0	0	1	1	0	0	0	0	17	0	0	1	2	0	0	3	1	0	1	0	0	0	
bmjv.de#M	Useful	8	0	1	2	3	0	0	5	0	13	5	22	4	0	2	0	0	0	0	0	0	0	0	0	0	0	0	0	0	0	0	0	0	0	
""	Useless	12	0	0	4	3	0	0	32	0	6	4	19	4	1	1	1	0	0	0	0	0	0	0	0	0	0	0	0	0	0	0	0	0	0	
bmjv.de#T	Useful	9	0	0	2	5	0	0	0	0	0	0	0	3	0	2	0	0	0	0	0	5	0	0	0	0	0	0	0	0	0	0	0	0	0	
""	Useless	13	0	0	2	3	1	0	3	0	0	0	0	2	0	1	0	0	0	0	0	17	0	0	0	0	0	0	0	0	0	0	0	0	0	
bnpparibas.de#A	Useful	2	0	0	0	1	1	0	3	0	0	0	0	0	0	0	0	0	0	0	0	0	0	0	0	0	0	0	0	0	0	0	0	0	0	
""	Useless	37	0	1	0	13	19	0	26	11	0	0	0	0	0	0	0	0	0	0	0	0	0	0	0	0	0	0	0	0	0	0	0	0	0	
bnpparibas.de#C	Useful	9	0	0	1	1	43	5	0	0	0	0	0	0	0	0	0	0	0	0	3	2	0	0	0	0	0	0	0	0	0	0	0	0	0	
""	Useless	39	0	1	4	14	94	28	10	0	0	0	0	0	0	2	2	0	0	4	4	11	0	1	0	0	0	0	0	0	0	0	0	0	0	
bnpparibas.de#G	Useful	10	0	0	3	5	97	9	0	0	0	0	0	0	0	0	0	0	0	0	6	5	0	0	0	0	0	0	0	0	0	0	0	0	0	
""	Useless	47	0	1	15	17	362	35	0	0	0	0	0	1	0	0	0	0	0	10	5	16	0	0	0	0	0	0	0	0	0	0	0	0	0	
bnpparibas.de#I	Useful	3	0	0	0	1	0	1	0	0	0	0	0	0	0	1	0	0	0	0	0	0	0	2	0	0	0	0	0	0	0	0	0	0	0	
""	Useless	33	0	0	0	8	0	24	0	0	0	0	0	0	0	4	2	0	0	0	0	11	0	7	0	3	0	0	9	1	0	5	0	0	0	
bnpparibas.de#M	Useful	4	0	1	2	3	0	0	0	0	7	1	53	0	0	1	0	0	0	0	0	0	0	0	0	0	0	0	0	0	0	0	0	0	0	
""	Useless	29	0	12	10	17	0	2	15	0	50	8	107	1	0	4	2	0	0	0	0	0	0	0	0	0	0	0	0	0	0	0	0	0	0	
bnpparibas.de#T	Useful	4	0	0	0	1	1	0	0	0	0	0	0	0	0	1	0	0	0	0	0	0	0	0	0	0	0	0	0	0	0	0	0	0	0	
""	Useless	32	0	1	4	10	5	0	5	0	0	0	0	0	0	4	2	0	0	0	0	11	0	0	0	0	0	0	0	0	0	0	0	0	0	
bundestag.de#A	Useful	3	0	0	0	1	7	0	0	2	0	0	0	0	0	0	0	0	0	0	0	0	0	0	0	0	0	0	0	0	0	0	0	0	0	
""	Useless	11	0	1	0	3	12	1	12	6	0	0	0	0	0	0	0	0	0	0	0	0	0	0	0	0	0	0	0	0	0	0	0	0	0	
bundestag.de#C	Useful	5	0	0	0	1	12	3	0	0	0	0	0	0	1	1	0	0	0	0	0	0	0	0	0	0	0	0	0	0	0	0	0	0	0	
""	Useless	11	0	1	3	4	25	4	0	0	0	0	0	1	0	1	0	0	0	3	3	13	0	0	2	0	0	0	0	0	0	0	0	0	0	
bundestag.de#G	Useful	4	0	0	0	2	50	3	0	0	0	0	0	1	0	0	0	0	0	0	0	7	0	0	0	0	0	0	0	0	0	0	0	0	0	
""	Useless	20	0	0	7	6	107	7	0	0	0	0	0	2	0	0	0	0	0	6	12	20	0	0	0	0	0	0	0	0	0	0	0	0	0	
bundestag.de#I	Useful	7	0	0	0	1	0	1	0	0	0	0	0	0	1	2	0	0	0	0	0	0	0	0	0	0	0	0	2	0	0	0	0	0	0	
""	Useless	12	0	2	0	3	0	6	0	0	0	0	0	0	0	2	1	0	0	0	0	10	0	0	2	1	0	0	2	0	0	1	0	0	0	
bundestag.de#M	Useful	6	0	0	0	1	0	0	2	0	4	1	10	1	0	2	0	0	0	0	0	0	0	0	0	0	0	0	0	0	0	0	0	0	0	
""	Useless	7	0	0	5	3	0	0	18	0	8	2	28	5	1	2	1	0	0	0	0	0	0	0	0	0	0	0	0	0	0	0	0	0	0	
bundestag.de#T	Useful	3	0	0	0	1	1	0	0	0	0	0	0	0	0	2	0	0	0	0	0	0	0	0	0	0	0	0	0	0	0	0	0	0	0	
""	Useless	6	0	0	3	3	3	0	0	0	0	0	0	0	0	2	1	0	0	0	0	10	0	0	0	0	0	0	0	0	0	0	0	0	0	
bvg.de#A	Useful	26	3	8	0	6	29	0	35	38	0	0	0	0	0	0	0	0	0	0	0	0	0	0	0	0	0	0	0	0	0	0	0	0	0	
""	Useless	9	1	1	0	14	31	0	51	10	0	0	0	0	0	0	0	0	0	0	0	0	0	0	0	0	0	0	0	0	0	0	0	0	0	
bvg.de#C	Useful	33	0	1	8	10	99	27	0	0	0	0	0	2	0	1	0	0	0	9	8	15	0	0	6	1	0	0	0	0	0	1	0	0	0	
""	Useless	13	0	1	2	4	77	16	0	1	0	0	0	7	3	0	0	65	0	2	8	37	0	0	1	0	0	0	0	0	0	1	1	1	0	
bvg.de#G	Useful	38	0	1	21	14	381	30	0	0	0	0	0	2	0	0	0	0	0	15	19	29	0	0	0	0	0	0	0	0	0	0	0	0	0	
""	Useless	23	0	1	9	9	294	22	0	0	0	0	0	11	2	0	0	0	0	8	19	44	0	0	0	0	0	0	0	0	0	0	0	0	0	
bvg.de#I	Useful	35	0	8	0	10	0	5	0	0	0	0	0	0	0	4	0	0	0	0	0	10	0	0	13	6	0	0	6	3	0	2	0	0	0	
""	Useless	16	0	3	0	3	0	9	0	0	0	0	0	0	1	0	0	65	0	0	0	30	0	0	4	1	0	0	5	1	0	5	1	1	0	
bvg.de#M	Useful	28	0	3	10	11	0	0	12	0	31	16	79	13	1	4	0	0	0	0	0	0	0	0	0	0	0	0	0	0	0	0	0	0	0	
""	Useless	4	0	1	3	8	0	0	44	0	29	19	64	2	4	0	0	68	0	0	0	0	0	0	0	0	0	0	0	0	0	0	0	0	0	
bvg.de#T	Useful	28	0	1	4	8	3	0	0	0	0	0	0	1	0	4	0	0	0	0	0	10	0	0	0	0	0	0	0	0	0	0	0	0	0	
""	Useless	5	0	1	1	5	5	1	7	0	0	0	0	2	1	0	0	65	0	0	0	29	0	0	0	0	0	0	0	0	0	0	0	0	0	
caritas.de#A	Useful	3	0	0	0	1	5	2	1	1	0	0	0	0	0	0	0	0	0	0	0	0	0	0	0	0	0	0	0	0	0	0	0	0	0	
""	Useless	33	0	2	0	24	65	3	58	75	0	0	0	0	0	0	0	0	0	0	0	0	0	0	0	0	0	0	0	0	0	0	0	0	0	
caritas.de#C	Useful	2	0	0	0	5	11	4	0	0	0	0	0	1	0	1	1	0	0	0	1	2	0	0	0	0	0	0	0	0	0	0	0	0	0	
""	Useless	47	0	1	14	12	181	26	1	0	0	0	0	4	1	1	5	90	0	11	23	61	0	0	11	1	0	0	0	0	0	0	0	0	0	
caritas.de#G	Useful	4	0	0	0	5	25	3	0	0	0	0	0	1	0	0	0	0	0	0	3	4	0	0	0	0	0	0	0	0	0	0	0	0	0	
""	Useless	58	0	1	33	17	636	39	0	0	0	0	0	7	1	0	0	0	0	36	49	77	1	0	0	0	0	0	0	0	0	0	0	0	0	
caritas.de#I	Useful	4	0	1	0	2	0	1	0	0	0	0	0	0	0	1	1	0	0	0	0	2	0	0	0	0	0	0	1	0	0	0	0	0	0	
""	Useless	57	0	0	0	10	0	7	0	0	0	0	0	0	2	4	12	93	0	0	0	53	0	0	14	6	0	0	8	5	0	7	0	0	0	
caritas.de#M	Useful	4	0	1	1	3	0	1	2	0	3	0	8	3	0	1	1	0	0	0	0	0	0	0	0	0	0	0	0	0	0	0	0	0	0	
""	Useless	34	0	1	15	18	0	1	69	0	50	25	164	15	1	3	15	90	0	0	0	0	0	0	0	0	0	0	0	0	0	0	0	0	0	
caritas.de#T	Useful	3	0	0	0	3	0	2	0	0	0	0	0	0	0	1	1	0	0	0	0	2	0	0	0	0	0	0	0	0	0	0	0	0	0	
""	Useless	27	0	1	5	13	13	5	2	0	0	0	0	1	0	3	9	89	0	0	0	41	0	0	0	0	0	0	0	0	0	0	0	0	0	
carrefour.com#A	Useful	7	0	0	0	3	2	0	1	0	0	0	0	0	0	0	0	0	0	0	0	0	0	0	0	0	0	0	0	0	0	0	0	0	0	
""	Useless	3	0	0	0	0	0	0	0	0	0	0	0	0	0	0	0	0	0	0	0	0	0	0	0	0	0	0	0	0	0	0	0	0	0	
carrefour.com#C	Useful	5	0	0	1	1	15	1	1	0	0	0	0	1	0	0	0	0	0	0	1	2	0	0	0	0	0	0	0	0	0	0	0	0	0	
""	Useless	2	0	0	1	0	10	7	0	0	0	0	0	0	0	0	0	0	0	0	0	12	0	0	0	0	0	0	0	0	0	0	0	0	0	
carrefour.com#G	Useful	8	0	0	2	4	76	7	0	0	0	0	0	2	0	0	0	0	0	1	1	3	0	0	0	0	0	0	0	0	0	0	0	0	0	
""	Useless	5	0	0	2	0	70	9	0	0	0	0	0	0	0	0	0	0	0	2	1	12	0	0	0	0	0	0	0	0	0	0	0	0	0	
carrefour.com#I	Useful	5	0	0	0	0	0	0	0	0	0	0	0	0	0	0	0	0	0	0	0	0	0	3	0	0	0	0	0	0	0	0	0	0	0	
""	Useless	3	0	0	0	0	0	0	0	0	0	0	0	0	0	0	0	0	0	0	0	0	0	0	0	0	0	0	0	0	0	0	0	0	0	
carrefour.com#M	Useful	8	0	1	0	0	0	0	5	0	5	1	18	2	0	0	1	0	0	0	0	0	0	0	0	0	0	0	0	0	0	0	0	0	0	
""	Useless	3	0	0	2	0	0	0	12	0	8	0	10	0	0	0	0	0	0	0	0	0	0	0	0	0	0	0	0	0	0	0	0	0	0	
carrefour.com#T	Useful	7	0	0	0	1	0	0	1	0	0	0	0	0	0	0	0	0	0	0	0	0	0	0	0	0	0	0	0	0	0	0	0	0	0	
""	Useless	2	0	0	1	0	0	0	0	0	0	0	0	0	0	0	0	0	0	0	0	0	0	0	0	0	0	0	0	0	0	0	0	0	0	
cdu.de#A	Useful	9	0	0	0	5	35	2	21	30	0	0	0	0	0	0	0	0	0	0	0	0	0	0	0	0	0	0	0	0	0	0	0	0	0	
""	Useless	19	0	2	0	8	40	7	26	32	0	0	0	0	0	0	0	0	0	0	0	0	0	0	0	0	0	0	0	0	0	0	0	0	0	
cdu.de#C	Useful	18	0	0	4	5	72	12	0	0	0	0	0	2	0	1	2	0	0	7	8	5	1	0	2	0	0	0	0	0	0	0	0	0	0	
""	Useless	10	0	1	0	7	39	8	0	0	0	0	0	1	0	2	7	0	0	5	3	33	1	0	0	0	0	0	0	0	0	0	0	0	0	
cdu.de#G	Useful	21	0	0	11	11	287	20	0	0	0	0	0	2	0	0	0	0	0	20	20	14	2	0	0	0	0	0	0	0	0	0	0	0	0	
""	Useless	19	0	2	5	7	277	27	0	0	0	0	0	2	0	0	0	0	0	13	14	39	0	0	0	0	0	0	0	0	0	0	0	0	0	
cdu.de#I	Useful	26	0	0	0	4	0	2	0	0	0	0	0	0	0	1	3	0	0	0	0	1	0	0	3	2	0	0	4	2	2	1	0	0	0	
""	Useless	27	0	4	0	4	0	23	0	0	0	0	0	0	0	2	8	0	0	0	0	36	0	0	0	5	0	3	4	0	0	5	0	0	0	
cdu.de#M	Useful	14	0	2	9	5	0	1	5	0	18	8	72	2	0	1	3	0	0	0	0	0	0	0	0	0	0	0	0	0	0	0	0	0	0	
""	Useless	13	0	1	1	7	0	0	34	0	12	1	38	6	0	2	10	0	0	0	0	0	0	0	0	0	0	0	0	0	0	0	0	0	0	
cdu.de#T	Useful	12	0	0	3	5	4	2	1	0	0	0	0	2	0	1	2	0	0	0	0	2	0	0	0	0	0	0	0	0	0	0	0	0	0	
""	Useless	11	0	1	0	5	1	1	4	0	0	0	0	0	0	2	8	0	0	0	0	32	0	0	0	0	0	0	0	0	0	0	0	0	0	
dhl.de#A	Useful	27	0	0	0	15	7	1	1	8	0	0	0	0	0	0	0	0	0	0	0	0	0	0	0	0	0	0	0	0	0	0	0	0	0	
""	Useless	41	0	1	0	22	77	2	55	54	0	0	0	0	0	0	0	0	0	0	0	0	0	0	0	0	0	0	0	0	0	0	0	0	0	
dhl.de#C	Useful	23	0	1	0	11	11	5	0	0	0	0	0	1	0	0	1	0	0	0	4	9	0	0	0	0	0	0	0	0	0	0	0	0	0	
""	Useless	52	0	0	7	17	188	39	0	2	0	0	0	7	0	1	0	0	0	7	23	40	0	0	8	1	0	0	0	3	0	0	0	0	0	
dhl.de#G	Useful	17	0	0	1	13	26	5	0	0	0	0	0	3	0	0	0	0	0	0	11	11	0	0	0	0	0	0	0	0	0	0	0	0	0	
""	Useless	62	0	0	43	30	781	65	0	0	0	0	0	11	0	0	0	0	0	18	48	51	0	0	0	0	0	0	0	0	0	0	0	0	0	
dhl.de#I	Useful	27	0	2	0	8	0	5	0	0	0	0	0	0	0	0	1	0	0	0	0	6	0	0	0	7	0	0	0	0	0	0	0	0	0	
""	Useless	98	0	0	0	7	0	8	0	0	0	0	0	0	0	2	5	0	0	0	0	32	0	0	11	10	0	0	14	7	0	8	0	0	0	
dhl.de#M	Useful	23	0	1	1	5	0	1	12	0	1	1	8	6	1	0	1	0	0	0	0	0	0	0	0	0	0	0	0	0	0	0	0	0	0	
""	Useless	41	0	2	15	20	0	1	45	0	65	27	177	15	1	2	7	0	0	0	0	0	0	0	0	0	0	0	0	0	0	0	0	0	0	
dhl.de#T	Useful	22	0	0	0	10	1	2	0	0	0	0	0	1	0	0	1	0	0	0	0	6	0	0	0	0	0	0	0	0	0	0	0	0	0	
""	Useless	39	0	0	5	14	11	1	3	0	0	0	0	2	0	2	3	0	0	0	0	32	0	0	0	0	0	0	0	0	0	0	0	0	0	
gruene.de#A	Useful	9	0	0	0	4	3	0	0	6	0	0	0	0	0	0	0	0	0	0	0	0	0	0	0	0	0	0	0	0	0	0	0	0	0	
""	Useless	13	0	0	1	10	27	0	9	12	0	0	0	0	0	0	0	0	0	0	0	0	0	0	0	0	0	0	0	0	0	0	0	0	0	
gruene.de#C	Useful	6	0	0	0	4	11	2	0	0	0	0	0	2	1	1	0	0	0	0	2	4	0	0	0	0	0	0	0	0	0	0	0	0	0	
""	Useless	13	0	0	2	7	43	10	0	0	0	0	0	1	0	1	13	0	0	5	7	10	0	0	2	1	0	0	0	0	0	0	0	0	0	
gruene.de#G	Useful	3	0	0	2	7	26	1	0	0	0	0	0	2	1	0	0	0	0	0	4	5	0	0	0	0	0	0	0	0	0	0	0	0	0	
""	Useless	14	0	0	8	9	197	14	0	0	0	0	0	3	0	0	0	0	0	8	16	22	0	0	0	0	0	0	0	0	0	0	0	0	0	
gruene.de#I	Useful	9	0	0	0	4	0	3	0	0	0	0	0	0	0	1	0	0	0	0	0	4	0	0	0	0	0	0	0	1	0	0	0	0	0	
""	Useless	21	0	0	0	6	0	7	0	0	0	0	0	0	0	1	18	0	0	0	0	9	0	0	3	3	0	0	2	0	0	3	0	0	0	
gruene.de#M	Useful	10	0	0	0	2	0	0	5	0	1	0	8	3	1	1	0	0	0	0	0	0	0	0	0	0	0	0	0	0	0	0	0	0	0	
""	Useless	11	0	3	9	14	0	1	14	0	16	5	42	5	0	1	19	0	0	0	0	0	0	0	0	0	0	0	0	0	0	0	0	0	0	
gruene.de#T	Useful	10	0	0	0	4	0	0	0	0	0	0	0	2	1	1	0	0	0	0	0	4	0	0	0	0	0	0	0	0	0	0	0	0	0	
""	Useless	10	0	0	0	6	5	0	0	0	0	0	0	0	0	1	12	0	0	0	0	9	0	0	0	0	0	0	0	0	0	0	0	0	0	
otto.de#A	Useful	11	0	0	0	5	19	1	4	26	0	0	0	0	0	0	0	0	0	0	0	0	0	0	0	0	0	0	0	0	0	0	0	0	0	
""	Useless	65	0	1	1	30	52	5	97	41	0	0	0	0	0	0	0	0	0	0	0	0	0	0	0	0	0	0	0	0	0	0	0	0	0	
otto.de#C	Useful	10	0	0	3	4	30	9	0	0	0	0	0	3	0	1	1	0	0	2	1	6	0	0	1	0	0	0	0	0	0	0	0	0	0	
""	Useless	67	0	1	8	19	181	39	1	1	0	0	0	12	1	1	16	0	0	5	36	65	0	0	3	0	0	0	0	2	0	0	0	0	0	
otto.de#G	Useful	19	0	0	5	6	106	13	0	0	0	0	0	3	0	0	0	0	0	6	2	15	0	0	0	0	0	0	0	0	0	0	0	0	0	
""	Useless	78	0	1	34	30	753	55	0	0	0	0	0	16	1	0	0	0	0	10	60	89	0	0	0	0	0	0	0	0	0	0	0	0	0	
otto.de#I	Useful	11	0	1	0	4	0	4	0	0	0	0	0	0	0	1	1	0	0	0	0	6	0	0	2	2	0	0	3	0	0	1	0	0	0	
""	Useless	86	0	3	0	13	0	16	0	0	0	0	0	0	0	3	25	0	0	0	0	56	0	0	4	10	0	0	9	4	0	4	0	0	0	
otto.de#M	Useful	13	0	0	4	3	0	1	8	0	11	2	25	4	0	2	1	0	0	0	0	0	0	0	0	0	0	0	0	0	0	0	0	0	0	
""	Useless	69	0	5	9	15	0	5	70	0	57	24	184	19	1	3	26	0	0	0	0	0	0	0	0	0	0	0	0	0	0	0	0	0	0	
otto.de#T	Useful	12	0	0	3	4	1	2	1	0	0	0	0	3	0	1	1	0	0	0	0	6	0	0	0	0	0	0	0	0	0	0	0	0	0	
""	Useless	66	0	1	1	16	16	5	16	0	0	0	0	9	1	3	19	0	0	0	0	55	0	0	0	0	0	0	0	0	0	0	0	0	0	
xing.de#A	Useful	11	3	0	0	0	0	1	0	7	0	0	0	0	0	0	0	0	0	0	0	0	0	0	0	0	0	0	0	0	0	0	0	0	0	
""	Useless	10	0	1	0	2	22	0	41	28	0	0	0	0	0	0	0	0	0	0	0	0	0	0	0	0	0	0	0	0	0	0	0	0	0	
xing.de#C	Useful	5	0	0	0	2	13	1	0	0	0	0	0	0	0	0	0	0	0	0	2	1	0	0	0	0	0	0	0	1	0	0	0	0	0	
""	Useless	38	0	1	10	4	124	25	0	0	0	0	0	1	1	1	0	0	0	5	15	22	0	0	1	0	0	0	2	0	0	0	0	0	0	
xing.de#G	Useful	2	0	0	0	2	19	1	0	0	0	0	0	0	0	0	0	0	0	0	3	1	0	0	0	0	0	0	0	0	0	0	0	0	0	
""	Useless	56	0	1	18	13	474	37	0	0	0	0	0	1	2	0	0	0	0	8	33	31	0	0	0	0	0	0	0	0	0	0	0	0	0	
xing.de#I	Useful	10	0	1	0	2	0	1	0	0	0	0	0	0	0	0	0	0	0	0	0	1	0	0	0	0	0	0	1	1	0	0	0	0	0	
""	Useless	30	0	1	0	0	0	10	0	0	0	0	0	0	0	2	1	0	0	0	0	18	0	0	3	2	0	0	12	4	0	6	0	0	0	
xing.de#M	Useful	15	0	0	0	1	0	2	1	0	1	2	4	0	0	0	0	0	0	0	0	0	0	0	0	0	0	0	0	0	0	0	0	0	0	
""	Useless	19	0	2	11	9	0	2	21	0	60	14	138	1	1	2	1	0	0	0	0	0	0	0	0	0	0	0	0	0	0	0	0	0	0	
xing.de#T	Useful	13	0	0	0	2	0	1	0	0	0	0	0	0	0	0	0	0	0	0	0	1	0	0	0	0	0	0	0	0	0	0	0	0	0	
""	Useless	14	0	1	6	4	2	1	1	0	0	0	0	0	0	2	1	0	0	0	0	16	0	0	0	0	0	0	0	0	0	0	0	0	0	
youporn.com#A	Useful	5	0	0	0	1	0	0	1	3	0	0	0	0	0	0	0	0	0	0	0	0	0	0	0	0	0	0	0	0	0	0	0	0	0	
""	Useless	6	0	5	0	4	7	0	7	6	0	0	0	0	0	0	0	0	0	0	0	0	0	0	0	0	0	0	0	0	0	0	0	0	0	
youporn.com#C	Useful	4	0	0	0	1	7	0	1	0	0	0	0	0	0	0	0	0	0	0	0	0	0	0	0	0	0	0	0	0	0	0	0	0	0	
""	Useless	10	0	4	4	4	71	14	1	0	0	0	0	0	0	0	0	0	0	2	3	2	0	0	0	0	0	0	0	0	0	0	0	0	0	
youporn.com#G	Useful	3	0	0	0	2	19	0	0	0	0	0	0	0	0	0	0	0	0	1	0	4	0	0	0	0	0	0	0	0	0	0	0	0	0	
""	Useless	27	0	4	18	17	384	32	0	0	0	0	0	0	0	0	0	0	0	17	11	18	0	0	0	0	0	0	0	0	0	0	0	0	0	
youporn.com#I	Useful	0	0	0	0	1	0	0	0	0	0	0	0	0	0	0	0	0	0	0	0	0	0	3	0	0	0	1	0	0	0	0	0	0	0	
""	Useless	5	0	0	0	4	0	0	0	0	0	0	0	0	0	1	0	0	0	0	0	0	0	1	0	0	0	2	0	0	0	0	0	0	0	
youporn.com#M	Useful	6	0	0	0	1	0	0	4	0	0	0	7	0	0	0	0	0	0	0	0	0	0	0	0	0	0	0	0	0	0	0	0	0	0	
""	Useless	7	0	11	4	4	0	0	7	0	32	2	118	1	2	1	4	0	0	0	0	0	0	0	0	0	0	0	0	0	0	0	0	0	0	
youporn.com#T	Useful	5	0	0	0	1	0	0	1	0	0	0	0	0	0	0	0	0	0	0	0	0	0	0	0	0	0	0	0	0	0	0	0	0	0	
""	Useless	7	0	4	1	4	3	0	1	0	0	0	0	0	0	1	0	0	0	0	0	0	0	0	0	0	0	0	0	0	0	0	0	0	0	
