F1-Scores
FileName#ServiceCode	Controller	DataProtectionOfficer	RightToInformation	RightToRectificationOrDeletion	RightToDataPortability	RightToWithdrawConsent	RightToComplain	AutomatedDecisionMaking	ChangesOfPurpose	Insgesamt
alexa.de#A	0,25	0	0	1	0	0	1	0	0	0,14634146
alexa.de#C	0	0	0	1	0	0	1	0	0	0,1
alexa.de#G	0	0	0	1	0	0	1	0	0	0,1
alexa.de#I	0,25	0	0	1	0	0	1	0	0	0,14634146
alexa.de#M	0,25	0	0	1	0	0	1	0	0	0,14634146
alexa.de#T	0,25	0	0	1	0	0	1	0	0	0,14634146
amazon.de#A	0,25	0	0,4	0,4	0,4	0,4	0	0,5	0	0,21052632
amazon.de#C	0,25	0	0,4	0,4	0,4	0,4	0	0,5	0	0,21052632
amazon.de#G	0,25	0	0,4	0,4	0,4	0,4	0	0,5	0	0,21052632
amazon.de#I	0,25	0,33333334	0,4	0,4	0,4	0,4	0	0,5	0	0,23728813
amazon.de#M	0,25	0,33333334	0,4	0,4	0,4	0,4	0	0,5	0	0,23728813
amazon.de#T	0,25	0,33333334	0,4	0,4	0,4	0,4	0	0,5	0	0,2413793
ardmediathek.de#A	0	0	0,4	0,4	0,4	0,4	0,5	0	NaN	0,2857143
ardmediathek.de#C	0	0,33333334	0,6666667	0,6666667	0,4	0,6666667	0,8	0	NaN	0,5
ardmediathek.de#G	0	0	0,4	0,4	0,4	0,4	0,36363637	0	NaN	0,22222222
ardmediathek.de#I	0	0,33333334	0,6666667	0,6666667	0,4	0,6666667	0,8	0	NaN	0,5
ardmediathek.de#M	0	0,33333334	0,6666667	0,6666667	0,4	0,6666667	0,8	0	NaN	0,5
ardmediathek.de#T	0	0,33333334	0,6666667	0,6666667	0,4	0,6666667	0,8	0	NaN	0,5
bahn.de#A	0,25	0	0,4	0,4	0,4	0,4	0,36363637	0	0	0,25
bahn.de#C	0,25	0	0,4	0,4	0,4	0,4	0,36363637	0	0	0,25
bahn.de#G	0,25	0	0,4	0,4	0,4	0,4	0,36363637	0	0	0,25
bahn.de#I	0,25	0,33333334	0,4	0,4	0,4	0,4	0,36363637	0	0	0,27586207
bahn.de#M	0,25	0,33333334	0,4	0,4	0,4	0,4	0,36363637	0	0	0,27586207
bahn.de#T	0,25	0,33333334	0,4	0,4	0,4	0,4	0,36363637	0	0	0,28070176
beiersdorf.de#A	0	0,33333334	0,6666667	0,6666667	0,4	0,6666667	0,2	0	NaN	0,31578946
beiersdorf.de#C	0	0,33333334	0,6666667	0,6666667	0,4	0,6666667	0,2	0	NaN	0,31578946
beiersdorf.de#G	0,44444445	0	0,6666667	0,6666667	0,4	0,6666667	0,2	0	NaN	0,3448276
beiersdorf.de#I	0	0	0,6666667	0,6666667	0,4	0,6666667	0,2	0	NaN	0,2857143
beiersdorf.de#M	0	0	0,6666667	0,6666667	0,4	0,6666667	0,2	0	NaN	0,2857143
beiersdorf.de#T	0	0,33333334	0,6666667	0,6666667	0,4	0,6666667	0,2	0	NaN	0,31578946
bmjv.de#A	0	0	0,4	0,4	0,4	0,4	0	0,5	NaN	0,18867925
bmjv.de#C	0,25	0,33333334	0,4	0,4	0,4	0,4	0	0,5	NaN	0,25454545
bmjv.de#G	0,25	0	0,4	0,4	0,4	0,4	0	0,5	NaN	0,22222222
bmjv.de#I	0	0,33333334	0,4	0,4	0,4	0,4	0	0,5	NaN	0,22222222
bmjv.de#M	0	0,33333334	0,4	0,4	0,4	0,4	0	0,5	NaN	0,22222222
bmjv.de#T	0	0,33333334	0,4	0,4	0,4	0,4	0	0,5	NaN	0,22222222
bnpparibas.de#A	0,25	0	0	0,4	0	0,4	0,2	0,8	0	0,21818182
bnpparibas.de#C	0,25	0	0	0,4	0	0,4	0,2	0,8	0	0,21818182
bnpparibas.de#G	0,25	0	0	0,4	0	0,4	0,2	0,8	0	0,21818182
bnpparibas.de#I	0,25	0,33333334	0	0,4	0	0,4	0,2	0,8	0	0,25
bnpparibas.de#M	0,25	0,33333334	0	0,4	0	0,4	0,2	0,8	0	0,25
bnpparibas.de#T	0,25	0,33333334	0	0,4	0	0,4	0,2	0,8	0	0,25
bundestag.de#A	0,25	0,33333334	0	0,6666667	0,4	0,4	0,2	0,5	NaN	0,2857143
bundestag.de#C	0	0,5714286	0	0,6666667	0,6666667	0,4	0,2	0,5	NaN	0,31578946
bundestag.de#G	0	0,33333334	0	0,6666667	0,4	0,4	0,2	0,5	NaN	0,25454545
bundestag.de#I	0	0,33333334	0	0,6666667	0,6666667	0,4	0,2	0,5	NaN	0,2857143
bundestag.de#M	0	0	0	0,6666667	0,6666667	0,4	0,2	0,5	NaN	0,25454545
bundestag.de#T	0,25	0	0	0,6666667	0,6666667	0,4	0,2	0,5	NaN	0,2857143
bvg.de#A	0	0	0,4	0,4	0,4	0,4	0,2	0	0	0,18518518
bvg.de#C	0	0,33333334	0,6666667	0,6666667	0,6666667	0,6666667	0,2	0	0	0,33898306
bvg.de#G	0,25	0	0,4	0,4	0,4	0,4	0,2	0	0	0,21818182
bvg.de#I	0	0,33333334	0,6666667	0,6666667	0,6666667	0,6666667	0,2	0	0	0,33333334
bvg.de#M	0	0,33333334	0,6666667	0,6666667	0,6666667	0,6666667	0,2	0	0	0,33333334
bvg.de#T	0	0,33333334	0,6666667	0,6666667	0,6666667	0,6666667	0,2	0	0	0,33898306
caritas.de#A	0	0	0,6666667	0,4	0,4	0,4	0,2	0	0	0,21818182
caritas.de#C	0	0,33333334	0,6666667	0,4	0,4	0,4	0,2	0	0	0,25
caritas.de#G	0	0	0,6666667	0,4	0,4	0,4	0,2	0	0	0,21818182
caritas.de#I	0	0,33333334	0,6666667	0,4	0,4	0,4	0,2	0	0	0,25
caritas.de#M	0	0,33333334	0,6666667	0,4	0,4	0,4	0,2	0	0	0,2413793
caritas.de#T	0	0,33333334	0,6666667	0,4	0,4	0,4	0,2	0	0	0,24561404
carrefour.com#A	0	0,33333334	0,4	0,4	0	0,6666667	0,36363637	0,5	NaN	0,3272727
carrefour.com#C	0	0	0,4	0,4	0	0,6666667	0,2	0,5	NaN	0,23076923
carrefour.com#G	0	0	0,4	0,4	0	0,6666667	0,2	0,5	NaN	0,23076923
carrefour.com#I	0	0,33333334	0,4	0,4	0	0,6666667	0,2	0,5	NaN	0,26415095
carrefour.com#M	0	0	0,4	0,4	0	0,6666667	0,2	0,5	NaN	0,23076923
carrefour.com#T	0	0	0,4	0,4	0	0,6666667	0,36363637	0,5	NaN	0,2962963
cdu.de#A	0,44444445	0	0,6666667	0,6666667	0,4	0,4	0,2	0,5	NaN	0,3448276
cdu.de#C	0,44444445	0,33333334	0,6666667	0,6666667	0,4	0,4	0,2	0,5	NaN	0,37288135
cdu.de#G	0,44444445	0	0,6666667	0,6666667	0,4	0,4	0,2	0,5	NaN	0,3448276
cdu.de#I	0,44444445	0,33333334	0,6666667	0,6666667	0,4	0,4	0,2	0,5	NaN	0,37288135
cdu.de#M	0	0,33333334	0,6666667	0,6666667	0,4	0,4	0,2	0,5	NaN	0,31578946
cdu.de#T	0,44444445	0,33333334	0,6666667	0,6666667	0,4	0,4	0,2	0,5	NaN	0,37288135
dhl.de#A	0	0	0	0	0	0	0	0	0	0
dhl.de#C	0	0	0	0	0	0	0	0	0	0
dhl.de#G	0	0	0	0	0	0	0	0	0	0
dhl.de#I	0	0	0	0	0	0	0	0	0	0
dhl.de#M	0	0	0	0	0	0	0	0	0	0
dhl.de#T	0	0	0	0	0	0	0	0	0	0
gruene.de#A	0	0,33333334	0,4	0,4	0,4	0,4	0	0,5	NaN	0,22222222
gruene.de#C	0,25	0,5714286	0,4	0,4	0,4	0,4	0	0,5	NaN	0,2857143
gruene.de#G	0,25	0,5714286	0,4	0,4	0,4	0,4	0	0,5	NaN	0,2857143
gruene.de#I	0	0,5714286	0,4	0,4	0,4	0,4	0	0,5	NaN	0,25454545
gruene.de#M	0	0,33333334	0,4	0,4	0,4	0,4	0	0,5	NaN	0,22222222
gruene.de#T	0	0,5714286	0,4	0,4	0,4	0,4	0	0,5	NaN	0,25454545
otto.de#A	0	0	0,4	0,6666667	0,4	0,4	0,36363637	0	0	0,24561404
otto.de#C	0,25	0	0,85714287	1	0,6666667	0,85714287	0,5	0	0	0,46376812
otto.de#G	0,25	0	0,4	0,6666667	0,4	0,4	0,36363637	0	0	0,27586207
otto.de#I	0	0,5714286	0,85714287	1	0,6666667	0,85714287	0,5	0	0	0,4857143
otto.de#M	0	0,5714286	0,85714287	1	0,6666667	0,6666667	0,5	0	0	0,44444445
otto.de#T	0,25	0	0,85714287	1	0,6666667	0,85714287	0,5	0	0	0,46376812
xing.de#A	0	0,4	0	0	0	0	0	0	0	0,044444446
xing.de#C	0	0,33333334	0	0	0	0	0	0	0	0,04347826
xing.de#G	0	0,33333334	0	0	0	0	0	0	0	0,04347826
xing.de#I	0	0,4	0	0	0	0	0	0	0	0,044444446
xing.de#M	0	0,33333334	0	0	0	0	0	0	0	0,04347826
xing.de#T	0	0,4	0	0	0	0	0	0	0	0,044444446
youporn.com#A	0	NaN	0	0	1	0	0	0	0	0,048780486
youporn.com#C	0	NaN	0	0	1	0	0	0	0	0,048780486
youporn.com#G	0	NaN	0	0	1	0	0	0	0	0,048780486
youporn.com#I	0	NaN	0	0	1	0	0	0	0	0,05
youporn.com#M	0	NaN	0	0	1	0	0	0	0	0,045454547
youporn.com#T	0	NaN	0	0	1	0	0	0	0	0,048780486

Accuracies (TP + TN / tn+tp+fp+fn)
alexa.de#A	0,14285715	0	0	1	0	0	1	0	0	0,35185185
alexa.de#C	0	0	0	1	0	0	1	0	0	0,33333334
alexa.de#G	0	0	0	1	0	0	1	0	0	0,33333334
alexa.de#I	0,14285715	0	0	1	0	0	1	0	0	0,35185185
alexa.de#M	0,14285715	0	0	1	0	0	1	0	0	0,35185185
alexa.de#T	0,14285715	0	0	1	0	0	1	0	0	0,35185185
amazon.de#A	0,14285715	0	0,25	0,25	0,25	0,25	0	0,33333334	0	0,11764706
amazon.de#C	0,14285715	0	0,25	0,25	0,25	0,25	0	0,33333334	0	0,11764706
amazon.de#G	0,14285715	0	0,25	0,25	0,25	0,25	0	0,33333334	0	0,11764706
amazon.de#I	0,14285715	0,2	0,25	0,25	0,25	0,25	0	0,33333334	0	0,13461539
amazon.de#M	0,14285715	0,2	0,25	0,25	0,25	0,25	0	0,33333334	0	0,13461539
amazon.de#T	0,14285715	0,2	0,25	0,25	0,25	0,25	0	0,33333334	0	0,13725491
ardmediathek.de#A	0	0	0,25	0,25	0,25	0,25	0,33333334	0	0	0,16666667
ardmediathek.de#C	0	0,2	0,5	0,5	0,25	0,5	0,6666667	0	0	0,33333334
ardmediathek.de#G	0	0	0,25	0,25	0,25	0,25	0,22222222	0	0	0,125
ardmediathek.de#I	0	0,2	0,5	0,5	0,25	0,5	0,6666667	0	0	0,33333334
ardmediathek.de#M	0	0,2	0,5	0,5	0,25	0,5	0,6666667	0	0	0,33333334
ardmediathek.de#T	0	0,2	0,5	0,5	0,25	0,5	0,6666667	0	0	0,33333334
bahn.de#A	0,14285715	0	0,25	0,25	0,25	0,25	0,22222222	0	0	0,14285715
bahn.de#C	0,14285715	0	0,25	0,25	0,25	0,25	0,22222222	0	0	0,14285715
bahn.de#G	0,14285715	0	0,25	0,25	0,25	0,25	0,22222222	0	0	0,14285715
bahn.de#I	0,14285715	0,2	0,25	0,25	0,25	0,25	0,22222222	0	0	0,16
bahn.de#M	0,14285715	0,2	0,25	0,25	0,25	0,25	0,22222222	0	0	0,16
bahn.de#T	0,14285715	0,2	0,25	0,25	0,25	0,25	0,22222222	0	0	0,1632653
beiersdorf.de#A	0	0,2	0,5	0,5	0,25	0,5	0,11111111	0	0	0,1875
beiersdorf.de#C	0	0,2	0,5	0,5	0,25	0,5	0,11111111	0	0	0,1875
beiersdorf.de#G	0,2857143	0	0,5	0,5	0,25	0,5	0,11111111	0	0	0,20833333
beiersdorf.de#I	0	0	0,5	0,5	0,25	0,5	0,11111111	0	0	0,16666667
beiersdorf.de#M	0	0	0,5	0,5	0,25	0,5	0,11111111	0	0	0,16666667
beiersdorf.de#T	0	0,2	0,5	0,5	0,25	0,5	0,11111111	0	0	0,1875
bmjv.de#A	0	0	0,25	0,25	0,25	0,25	0	0,33333334	0	0,104166664
bmjv.de#C	0,14285715	0,2	0,25	0,25	0,25	0,25	0	0,33333334	0	0,14583333
bmjv.de#G	0,14285715	0	0,25	0,25	0,25	0,25	0	0,33333334	0	0,125
bmjv.de#I	0	0,2	0,25	0,25	0,25	0,25	0	0,33333334	0	0,125
bmjv.de#M	0	0,2	0,25	0,25	0,25	0,25	0	0,33333334	0	0,125
bmjv.de#T	0	0,2	0,25	0,25	0,25	0,25	0	0,33333334	0	0,125
bnpparibas.de#A	0,14285715	0	0	0,25	0	0,25	0,11111111	0,6666667	0	0,12244898
bnpparibas.de#C	0,14285715	0	0	0,25	0	0,25	0,11111111	0,6666667	0	0,12244898
bnpparibas.de#G	0,14285715	0	0	0,25	0	0,25	0,11111111	0,6666667	0	0,12244898
bnpparibas.de#I	0,14285715	0,2	0	0,25	0	0,25	0,11111111	0,6666667	0	0,14285715
bnpparibas.de#M	0,14285715	0,2	0	0,25	0	0,25	0,11111111	0,6666667	0	0,14285715
bnpparibas.de#T	0,14285715	0,2	0	0,25	0	0,25	0,11111111	0,6666667	0	0,14285715
bundestag.de#A	0,14285715	0,2	0	0,5	0,25	0,25	0,11111111	0,33333334	0	0,16666667
bundestag.de#C	0	0,4	0	0,5	0,5	0,25	0,11111111	0,33333334	0	0,1875
bundestag.de#G	0	0,2	0	0,5	0,25	0,25	0,11111111	0,33333334	0	0,14583333
bundestag.de#I	0	0,2	0	0,5	0,5	0,25	0,11111111	0,33333334	0	0,16666667
bundestag.de#M	0	0	0	0,5	0,5	0,25	0,11111111	0,33333334	0	0,14583333
bundestag.de#T	0,14285715	0	0	0,5	0,5	0,25	0,11111111	0,33333334	0	0,16666667
bvg.de#A	0	0	0,25	0,25	0,25	0,25	0,11111111	0	0	0,10204082
bvg.de#C	0	0,2	0,5	0,5	0,5	0,5	0,11111111	0	0	0,20408164
bvg.de#G	0,14285715	0	0,25	0,25	0,25	0,25	0,11111111	0	0	0,12244898
bvg.de#I	0	0,2	0,5	0,5	0,5	0,5	0,11111111	0	0	0,2
bvg.de#M	0	0,2	0,5	0,5	0,5	0,5	0,11111111	0	0	0,2
bvg.de#T	0	0,2	0,5	0,5	0,5	0,5	0,11111111	0	0	0,20408164
caritas.de#A	0	0	0,5	0,25	0,25	0,25	0,11111111	0	0	0,12244898
caritas.de#C	0	0,2	0,5	0,25	0,25	0,25	0,11111111	0	0	0,14285715
caritas.de#G	0	0	0,5	0,25	0,25	0,25	0,11111111	0	0	0,12244898
caritas.de#I	0	0,2	0,5	0,25	0,25	0,25	0,11111111	0	0	0,14285715
caritas.de#M	0	0,2	0,5	0,25	0,25	0,25	0,11111111	0	0	0,13725491
caritas.de#T	0	0,2	0,5	0,25	0,25	0,25	0,11111111	0	0	0,14
carrefour.com#A	0,14285715	0,2	0,25	0,25	0	0,5	0,22222222	0,33333334	0	0,22916667
carrefour.com#C	0,14285715	0	0,25	0,25	0	0,5	0,11111111	0,33333334	0	0,16666667
carrefour.com#G	0,14285715	0	0,25	0,25	0	0,5	0,11111111	0,33333334	0	0,16666667
carrefour.com#I	0,14285715	0,2	0,25	0,25	0	0,5	0,11111111	0,33333334	0	0,1875
carrefour.com#M	0,14285715	0	0,25	0,25	0	0,5	0,11111111	0,33333334	0	0,16666667
carrefour.com#T	0,14285715	0	0,25	0,25	0	0,5	0,22222222	0,33333334	0	0,20833333
cdu.de#A	0,2857143	0	0,5	0,5	0,25	0,25	0,11111111	0,33333334	0	0,20833333
cdu.de#C	0,2857143	0,2	0,5	0,5	0,25	0,25	0,11111111	0,33333334	0	0,22916667
cdu.de#G	0,2857143	0	0,5	0,5	0,25	0,25	0,11111111	0,33333334	0	0,20833333
cdu.de#I	0,2857143	0,2	0,5	0,5	0,25	0,25	0,11111111	0,33333334	0	0,22916667
cdu.de#M	0	0,2	0,5	0,5	0,25	0,25	0,11111111	0,33333334	0	0,1875
cdu.de#T	0,2857143	0,2	0,5	0,5	0,25	0,25	0,11111111	0,33333334	0	0,22916667
dhl.de#A	0	0,2	0	0	0	0	0	0	0	0,020408163
dhl.de#C	0	0,2	0	0	0	0	0	0	0	0,020408163
dhl.de#G	0,2857143	0,2	0	0	0	0	0	0	0	0,10204082
dhl.de#I	0	0,2	0	0	0	0	0	0	0	0,019607844
dhl.de#M	0,2857143	0,2	0	0	0	0	0	0	0	0,09803922
dhl.de#T	0	0,2	0	0	0	0	0	0	0	0,02
gruene.de#A	0	0,2	0,25	0,25	0,25	0,25	0	0,33333334	0	0,125
gruene.de#C	0,14285715	0,4	0,25	0,25	0,25	0,25	0	0,33333334	0	0,16666667
gruene.de#G	0,14285715	0,4	0,25	0,25	0,25	0,25	0	0,33333334	0	0,16666667
gruene.de#I	0	0,4	0,25	0,25	0,25	0,25	0	0,33333334	0	0,14583333
gruene.de#M	0	0,2	0,25	0,25	0,25	0,25	0	0,33333334	0	0,125
gruene.de#T	0	0,4	0,25	0,25	0,25	0,25	0	0,33333334	0	0,14583333
otto.de#A	0	0	0,25	0,5	0,25	0,25	0,22222222	0	0	0,14
otto.de#C	0,14285715	0	0,75	1	0,5	0,75	0,33333334	0	0	0,3018868
otto.de#G	0,14285715	0	0,25	0,5	0,25	0,25	0,22222222	0	0	0,16
otto.de#I	0	0,4	0,75	1	0,5	0,75	0,33333334	0	0	0,3207547
otto.de#M	0	0,4	0,75	1	0,5	0,5	0,33333334	0	0	0,2857143
otto.de#T	0,14285715	0	0,75	1	0,5	0,75	0,33333334	0	0	0,3018868
xing.de#A	0,2857143	0,4	0	0	0	0	0	0	0	0,12244898
xing.de#C	0,2857143	0,2	0	0	0	0	0	0	0	0,10204082
xing.de#G	0,2857143	0,2	0	0	0	0	0	0	0	0,10204082
xing.de#I	0,2857143	0,4	0	0	0	0	0	0	0	0,12244898
xing.de#M	0,2857143	0,2	0	0	0	0	0	0	0	0,10204082
xing.de#T	0,2857143	0,4	0	0	0	0	0	0	0	0,12244898
youporn.com#A	0,2857143	1	0	0	1	0	0	0	0	0,25
youporn.com#C	0,2857143	1	0	0	1	0	0	0	0	0,25
youporn.com#G	0,2857143	1	0	0	1	0	0	0	0	0,25
youporn.com#I	0,2857143	1	0	0	1	0	0	0	0	0,25490198
youporn.com#M	0,2857143	1	0	0	1	0	0	0	0	0,23636363
youporn.com#T	0,2857143	1	0	0	1	0	0	0	0	0,25
